                timeUTC  Resolution  Npix           VRP        LAT        LON  Max_Dist  dist_centroide_km
69344  15/02/2025 04:48         750     4  1.336675e+07 -36.813712 -71.580033   18973.7          18.881351
69345  15/02/2025 06:06         750     8  3.848527e+07 -36.820649 -71.571859   19282.4          17.968327
69346  15/02/2025 06:30        1000     6  2.866136e+07 -36.813773 -71.577233   18973.7          18.641041
69347  15/02/2025 06:30         750     6  1.871317e+07 -36.820649 -71.571859   18750.0          17.968327
69351  16/02/2025 02:20        1000     5  1.888722e+07 -36.823021 -71.566334   17720.0          17.424870
69352  16/02/2025 05:48         750     6  1.948512e+07 -36.820830 -71.563458   18554.0          17.242454
69353  16/02/2025 06:12         375    16  1.217162e+07 -36.820830 -71.563458   18190.4          17.242454
69356  17/02/2025 05:30         750     5  1.569183e+07 -36.821011 -71.555057   17315.1          16.518561
69357  17/02/2025 05:54         750     8  3.030923e+07 -36.821011 -71.555057   17315.1          16.518561
69360  18/02/2025 05:12         750     5  1.292942e+07 -36.821191 -71.546656   15892.2          15.796919
69361  18/02/2025 05:36         750     8  3.317441e+07 -36.821191 -71.546656   18554.0          15.796919
69362  18/02/2025 06:45        1000     8  4.773687e+07 -36.814497 -71.543632   19646.9          15.779222
69364  19/02/2025 02:40        1000     8  4.906665e+07 -36.813530 -71.588433   20396.1          19.603633
69365  19/02/2025 04:54         375    19  1.315938e+07 -36.824659 -71.542567   19832.5          15.337622
69366  19/02/2025 05:18         750     5  1.271227e+07 -36.813530 -71.588433   19471.1          19.603633
69367  19/02/2025 06:30         750     3  9.905890e+06 -36.834339 -71.563909   19282.4          16.933882
69368  20/02/2025 04:36         375    10  9.321124e+06 -36.824659 -71.542567   15772.3          15.337622
69369  20/02/2025 04:54         375     9  9.258977e+06 -36.824659 -71.542567   16920.8          15.337622
69370  20/02/2025 06:12         375    14  1.324715e+07 -36.834248 -71.568110   17139.6          17.303049
69371  20/02/2025 06:36         375    10  6.204732e+06 -36.834248 -71.568110   17508.9          17.303049

OSF Max_Dist unidades: cuantiles globales {0.5: 2236.07, 0.9: 15524.2, 0.99: 26690.9}
