mes      sensor  n  con_fh  rescateF47  far_fh>radio  far_fh>radio_pc<=inner  far_pc<=inner  pc=5.000
2025-10  MODIS   68     68          0           24                     10            40        6
2025-10  V375   138    109          0            0                      0             0        0
2025-10  V750   136     28          0            0                      0             0        0
2025-11  MODIS   33     33          0           13                      7            20        0
2025-11  V375    67     56          1            0                      0             0        0
2025-11  V750    66      9          0            0                      0             0        0
2026-01  MODIS    7      7          0            2                      2             6        0
2026-01  V375    13      9          0            0                      0             0        0
2026-01  V750    12      1          0            0                      0             0        0
2026-02  MODIS   64     64          0           23                     14            34        2
2026-02  V375   123    105          3            1                      0             0        0
2026-02  V750   121     35          0            0                      0             0        0
2026-03  MODIS   71     70          1           25                     15            40        1
2026-03  V375   133    104          0            0                      0             0        0
2026-03  V750   128     24          0            1                      0             0        0
2026-04  MODIS   64     64          0           25                     18            43        1
2026-04  V375   131    106          0            0                      0             0        0
2026-04  V750   130     19          0            1                      0             0        0
2026-05  MODIS   65     65          0           27                     20            49        2
2026-05  V375   138    115          0            1                      0             0        0
2026-05  V750   138     30          0            0                      0             0        0
2026-06  MODIS   64     63          0           16                     14            51        6
2026-06  V375   132    103          0            1                      0             0        0
2026-06  V750   131     30          0            0                      0             0        0
2026-07  MODIS   72     72          2           25                     18            50       18
2026-07  V375   131     69          0            0                      0             0        0
2026-07  V750   128     41          0            1                      0             0        0
2026-08  MODIS   74     74          0           38                     26            52       10
2026-08  V375   138     89          2            0                      0             0        0
2026-08  V750   136     36          0            0                      0             0        0
2026-09  MODIS   65     64          0           25                     17            43        9
2026-09  V375   137    120          2            0                      0             0        0
2026-09  V750   136     40          0            0                      0             0        0
2026-10  MODIS    3      3          0            1                      1             2        1
2026-10  V375     8      8          0            0                      0             0        0
2026-10  V750     8      7          0            0                      0             0        0
total historico: {('MODIS', 'rescate'): 5, ('MODIS', 'far_pc_inner'): 798, ('V375', 'rescate'): 19, ('V375', 'far_pc_inner'): 0, ('V750', 'rescate'): 0, ('V750', 'far_pc_inner'): 0}
ultimo rescate F47 en NdC: 2026-09-19 05:48
