dt sat | V375 (suma, n, bt_max, t_max, n_px_guardados) | V750 (idem) | razon 375/750
('2025-02-15 04:48', 'VIIRS_NOAA20') (0, 0, 0, 342.1, 1) (13.94, 4, 299.78, 299.78, 4) 0.0
('2025-02-15 05:42', 'VIIRS_NOAA21') (0, 0, 0, 347.62, 1) (69.52, 6, 324.41, 324.41, 6) 0.0
('2025-02-15 06:06', 'VIIRS_SNPP') (0, 0, 0, 340.91, 1) (31.47, 5, 316.87, 316.87, 5) 0.0
('2025-02-15 06:30', 'VIIRS_NOAA20') (15.87, 10, 334.4, 334.4, 10) (14.71, 4, 303.43, 303.43, 4) 1.08
('2025-02-16 05:24', 'VIIRS_NOAA21') (0, 0, 0, 313.46, 1) (13.7, 5, 298.27, 298.27, 5) 0.0
('2025-02-16 06:12', 'VIIRS_NOAA20') (0, 0, 0, 315.69, 1) (15.05, 8, 292.04, 292.04, 8) 0.0
('2025-02-17 05:06', 'VIIRS_NOAA21') (0, 0, 0, 309.39, 1) (3.42, 1, 293.99, 293.99, 1) 0.0
('2025-02-17 05:30', 'VIIRS_SNPP') (0, 0, 0, 328.55, 1) (19.19, 6, 300.3, 300.3, 6) 0.0
('2025-02-17 05:54', 'VIIRS_NOAA20') (0, 0, 0, 339.66, 1) (37.11, 10, 307.42, 307.42, 10) 0.0
('2025-02-17 06:42', 'VIIRS_NOAA21') (0, 0, 0, 310.83, 1) (13.52, 7, 288.58, 288.58, 7) 0.0
('2025-02-18 04:48', 'VIIRS_NOAA21') (0, 0, 0, 339.87, 1) (9.16, 4, 297.09, 297.09, 4) 0.0
('2025-02-18 05:12', 'VIIRS_SNPP') (0, 0, 0, 340.59, 1) (13.73, 5, 304.21, 304.21, 5) 0.0
('2025-02-18 05:36', 'VIIRS_NOAA20') (0, 0, 0, 347.23, 1) (45.88, 10, 311.65, 311.65, 10) 0.0
('2025-02-18 06:24', 'VIIRS_NOAA21') (0, 0, 0, 335.67, 1) (38.77, 13, 303.78, 303.78, 13) 0.0
('2025-02-18 06:54', 'VIIRS_SNPP') (9.99, 17, 316.27, 316.27, 17) (5.12, 4, 288.72, 288.72, 4) 1.95
('2025-02-19 04:54', 'VIIRS_SNPP') (0, 0, 0, 319.65, 1) (9.17, 7, 288.57, 288.57, 7) 0.0
('2025-02-19 05:18', 'VIIRS_NOAA20') (0, 0, 0, 331.32, 1) (18.64, 7, 299.73, 299.73, 9) 0.0
('2025-02-19 06:06', 'VIIRS_NOAA21') (0, 0, 0, 342.95, 1) (37.98, 10, 312.29, 312.29, 11) 0.0
('2025-02-19 06:30', 'VIIRS_SNPP') (20.08, 20, 348.77, 348.77, 21) (18.31, 7, 303.54, 303.54, 7) 1.1
('2025-02-20 04:36', 'VIIRS_SNPP') (0, 0, 0, 318.61, 1) (2.29, 2, 284.02, 284.02, 2) 0.0
('2025-02-20 04:54', 'VIIRS_NOAA20') (7.83, 11, 330.91, 330.91, 11) (7.17, 5, 290.27, 290.27, 5) 1.09
('2025-02-20 05:48', 'VIIRS_NOAA21') (0, 0, 0, 332.33, 1) (27.91, 12, 301.8, 301.8, 12) 0.0
('2025-02-20 06:12', 'VIIRS_SNPP') (0, 0, 0, 328.7, 1) (10.06, 5, 293.51, 293.51, 5) 0.0
('2025-02-20 06:36', 'VIIRS_NOAA20') (7.3, 13, 312.17, 312.17, 13) (5.64, 5, 285.46, 285.46, 5) 1.29
('2025-02-21 04:36', 'VIIRS_NOAA20') (0, 0, 0, 322.3, 1) (4.19, 3, 287.08, 287.08, 3) 0.0
('2025-02-21 05:30', 'VIIRS_NOAA21') (0, 0, 0, 320.52, 1) (14.78, 6, 298.89, 298.89, 6) 0.0
('2025-02-21 05:54', 'VIIRS_SNPP') (0, 0, 0, 322.1, 1) (14.59, 7, 295.69, 295.69, 7) 0.0
('2025-02-21 06:18', 'VIIRS_NOAA20') (0, 0, 0, 309.5, 1) (6.72, 5, 290.34, 290.34, 5) 0.0
('2025-02-22 05:12', 'VIIRS_NOAA21') (0, 0, 0, 353.26, 1) (23.03, 5, 311.01, 311.01, 6) 0.0
('2025-02-22 05:36', 'VIIRS_SNPP') (0, 0, 0, 340.98, 1) (31.9, 9, 314.4, 314.4, 9) 0.0
('2025-02-22 06:00', 'VIIRS_NOAA20') (0, 0, 0, 336.2, 1) (27.86, 11, 299.58, 299.58, 11) 0.0
('2025-02-23 04:54', 'VIIRS_NOAA21') (0, 0, 0, 353.52, 1) (19.06, 6, 307.41, 307.41, 6) 0.0
('2025-02-23 05:18', 'VIIRS_SNPP') (0, 0, 0, 339.59, 1) (17.96, 5, 307.81, 307.81, 5) 0.0
('2025-02-23 06:30', 'VIIRS_NOAA21') (0, 0, 0, 309.97, 1) (8.57, 6, 291.85, 291.85, 6) 0.0
('2025-02-24 04:36', 'VIIRS_NOAA21') (3.26, 6, 312.46, 312.46, 6) (3.87, 3, 288.26, 288.26, 3) 0.84
('2025-02-24 05:00', 'VIIRS_SNPP') (11.85, 13, 332.71, 332.71, 15) (9.89, 4, 295.87, 295.87, 4) 1.2
('2025-02-24 05:24', 'VIIRS_NOAA20') (0, 0, 0, 331.66, 1) (9.21, 4, 298.05, 298.05, 4) 0.0
('2025-02-24 06:12', 'VIIRS_NOAA21') (0, 0, 0, 310.5, 1) (2.91, 2, 289.14, 289.14, 2) 0.0
('2025-02-25 04:42', 'VIIRS_SNPP') (0, 0, 0, 310.71, 1) (5.88, 4, 288.94, 288.94, 4) 0.0
('2025-02-25 05:00', 'VIIRS_NOAA20') (0, 0, 0, 314.78, 1) (7.68, 4, 293.02, 293.02, 4) 0.0
('2025-02-25 05:54', 'VIIRS_NOAA21') (0, 0, 0, 323.05, 1) (17.49, 7, 296.67, 296.67, 7) 0.0
('2025-02-25 06:18', 'VIIRS_SNPP') (1.93, 5, 300.07, 300.07, 5) (2.3, 2, 287.11, 287.11, 2) 0.84
('2025-02-26 04:42', 'VIIRS_NOAA20') (0, 0, 0, 351.75, 1) (32.28, 9, 307.18, 307.18, 9) 0.0
('2025-02-26 05:36', 'VIIRS_NOAA21') (0, 0, 0, 344.55, 1) (63.74, 10, 329.94, 329.94, 10) 0.0
('2025-02-26 06:00', 'VIIRS_SNPP') (0, 0, 0, 339.02, 1) (20.89, 7, 305.39, 305.39, 7) 0.0
('2025-02-26 06:24', 'VIIRS_NOAA20') (0, 0, 0, 315.46, 1) (6.2, 4, 289.42, 289.42, 4) 0.0
('2025-02-27 05:18', 'VIIRS_NOAA21') (0, 0, 0, 353.64, 1) (234.54, 18, 361.19, 361.19, 18) 0.0
('2025-02-27 05:42', 'VIIRS_SNPP') (0, 0, 0, 352.04, 1) (192.61, 12, 364.86, 364.86, 12) 0.0
('2025-02-27 06:06', 'VIIRS_NOAA20') (0, 0, 0, 348.66, 1) (81.05, 12, 333.33, 333.33, 12) 0.0
('2025-02-28 05:00', 'VIIRS_NOAA21') (0, 0, 0, 354.24, 1) (59.13, 12, 310.36, 317.06, 14) 0.0
('2025-02-28 05:24', 'VIIRS_SNPP') (0, 0, 0, 349.43, 1) (49.36, 8, 316.75, 320.63, 11) 0.0
('2025-02-28 05:48', 'VIIRS_NOAA20') (0, 0, 0, 353.56, 1) (73.27, 9, 320.76, 321.64, 12) 0.0
('2025-02-28 06:36', 'VIIRS_NOAA21') (0, 0, 0, 310.64, 1) (15.08, 8, 294.98, 294.98, 11) 0.0
('2025-03-01 05:30', 'VIIRS_NOAA20') (0, 0, 0, 303.34, 1) (4.09, 3, 286.6, 286.6, 4) 0.0
('2025-03-01 06:18', 'VIIRS_NOAA21') (0, 0, 0, 294.93, 1) (1.03, 1, 284.69, 284.69, 1) 0.0
('2025-03-03 05:42', 'VIIRS_NOAA21') (0, 0, 0, 303.09, 1) (3.67, 3, 287.43, 287.43, 3) 0.0
('2025-03-04 05:24', 'VIIRS_NOAA21') (0, 0, 0, 303.73, 1) (2.16, 3, 284.41, 284.69, 3) 0.0
('2025-03-04 05:48', 'VIIRS_SNPP') (0, 0, 0, 315.66, 1) (4.94, 3, 288.86, 288.86, 3) 0.0
